1000
30386
58183
33945
25078
6476
84032
44787
67275
17302
3713
17581
86353
95535
24482
89113
95422
29342
84458
15836
92813
49918
79022
56479
46692
96080
87864
43608
712
78629
58733
41077
76001
46095
40473
30060
30667
70832
1395
28895
23745
1920
18551
16373
70264
51092
31704
59994
75819
22652
32118
10811
85321
68185
49580
60708
49245
51795
27719
81021
56266
3578
3869
41153
72392
80856
90177
29964
24434
96814
84116
73651
73683
15941
33508
55194
61968
56073
59292
44732
29160
84650
75091
96861
52006
91599
9134
15982
93173
45930
6511
26579
37522
67711
32275
43827
41915
80349
54252
26680
8985
6598
8308
50205
64147
38518
80621
7340
76998
98690
47748
35759
15929
9786
66942
41858
20668
24895
23726
31998
32365
51782
92168
30632
11498
10454
23945
70594
71152
54800
27835
85849
94508
38120
64234
74267
21501
52035
75494
54443
90758
3435
80131
52633
65498
77188
84464
69202
12616
44656
52585
8110
48576
22485
55177
99611
58965
74461
56518
92739
47632
26938
4569
21148
53579
65531
7554
8285
78522
54963
78111
93968
62824
95092
67759
81370
557
46515
63306
91345
21742
94340
10915
20170
10289
22314
95813
45342
6821
26810
55886
44348
42868
62867
91743
6936
1531
54382
9719
8871
3441
64005
80700
91338
64427
90215
90641
81418
64296
13627
95425
86927
89604
62649
52645
82157
71528
91315
72901
62678
70226
83389
18532
15963
47760
94150
23598
52060
91142
74111
47826
95650
16385
32530
38818
61883
21921
58455
14065
68788
21721
88751
4932
26882
30957
14215
20699
92647
9431
78315
21978
66227
89641
76298
44674
60067
20833
40849
40264
49280
38060
98926
26612
32402
96810
84440
4412
18329
59265
68240
39631
943
34338
47087
10293
3677
12664
73557
75967
30418
3110
46286
84726
93374
88908
89119
70147
84946
3171
17053
95872
81238
22578
53290
23307
18832
79245
33952
11207
55969
46662
6504
39541
3110
6498
55708
96582
65393
7568
97259
78793
44230
11748
7074
25705
3870
197
43821
56494
74729
97350
13696
17590
35875
82463
85234
57178
36907
68060
29242
64141
96761
10303
11315
62467
97113
40356
27454
45166
773
32882
62708
7556
73376
4210
93799
57527
77894
5255
59426
45382
43619
75387
89646
11249
83265
55853
93349
9912
52744
77655
89898
48725
72333
4114
15153
83362
86624
26190
66286
9321
34212
12738
44920
29211
55440
13095
98218
67524
71705
10413
15106
48127
9412
44133
43098
16209
69830
88290
62931
76266
81652
23654
24227
63179
14000
52292
31590
48699
99917
17259
84287
58257
61520
36428
22
75042
66879
61965
37352
9820
95620
9122
93663
23832
50109
81468
21524
80521
43899
13957
30970
4220
62769
38439
50126
23751
68092
53049
68837
47994
93256
49370
62509
6630
73893
68229
78487
1154
2378
33470
56546
69955
30762
35063
93324
484
65740
48096
8082
83135
40070
5139
32331
78611
35431
76918
89415
88072
16719
40385
8615
5345
14405
69701
99429
53668
99544
89002
67853
74260
82560
23540
12797
53742
56481
51295
29464
72230
41890
48662
62928
14357
94852
59402
12005
53398
85132
50449
13922
88838
52556
88559
79262
43805
81371
71335
39454
40354
65944
67829
18813
93533
68931
38980
42159
40604
11263
94399
6188
27925
63753
12996
10730
7693
33987
59367
66850
40708
46232
1427
45690
36449
30376
15371
23812
47581
34542
14867
38545
92496
35358
54409
20621
71956
97424
63477
19535
11186
87815
61161
15505
10409
78846
13427
39481
69213
24530
47780
94923
27730
371
14352
64742
25645
64049
55946
43059
79917
363
45447
4006
3166
66798
15517
58655
20214
14643
24156
17272
18789
42796
48611
7010
25411
31826
74575
17866
54271
47767
51105
54320
36188
68848
43534
4624
21542
90594
3513
80233
1403
43113
37101
45963
60185
16986
54446
72957
5059
69535
55064
93125
87653
59624
19364
31074
73742
3180
33496
23861
61685
51656
78924
62031
72965
5378
39241
77545
66486
27721
78914
75141
39264
29795
33411
63988
40163
54850
93683
68924
71983
60351
24357
69333
60583
15006
46716
54533
60538
45797
126
73837
32911
5837
35427
34506
26465
89870
31301
9313
58964
97226
51922
65215
85326
55171
52001
74225
46337
89750
3911
33779
80773
66477
1494
57533
61398
9421
41034
87330
4208
58506
77325
37169
86724
30410
82970
79814
11623
80837
73973
41570
16556
49586
90662
7091
15736
18929
92152
77144
10056
57978
85834
57622
98430
70277
19662
23339
98413
26668
65515
78333
84264
20713
12248
69781
50196
44354
67842
78793
11943
45255
53599
45945
39645
5855
17346
5913
88339
21795
93570
8765
61682
55846
72816
87867
48341
58751
25853
81997
67699
20531
20931
97709
36184
13422
41339
60247
74964
26294
35815
59239
73469
61179
23108
712
44283
79588
72247
72639
85879
30571
89288
39531
81233
8228
56484
45888
55491
47673
52869
66068
45793
93197
39624
68254
24525
87773
15538
61843
2717
94704
75561
16788
11451
4494
80912
7282
9003
48024
5965
16794
84997
27683
59452
41614
15804
24663
75529
9693
64618
70316
77353
46811
75523
1095
63242
41823
54696
5042
8540
89963
4534
43659
52277
38829
63879
71378
91956
54199
19060
70192
14099
59720
19823
68996
93843
10492
30405
99298
85868
80
29714
12308
57097
94228
81255
66369
65163
93631
4671
56139
48758
25446
86618
95791
45743
51352
37936
68729
1089
8882
53805
66580
59299
20417
42488
66434
10879
3359
18466
75721
6747
62859
47256
22751
93096
60824
21078
71582
83273
18674
42701
67269
23854
3006
5025
44953
72916
84308
71406
36050
69004
77400
86727
62104
5334
20409
14219
51181
82094
41471
51552
38183
26331
90842
77145
38180
35610
48023
72103
51621
93592
59284
10925
72733
34107
43057
18251
3239
8969
56168
70792
29274
64112
81049
63792
4493
45003
63265
4534
11233
34057
61520
68141
8733
90284
44394
4870
59215
13329
89520
9075
53731
4693
3916
95165
58534
97021
48145
28342
53549
57661
94709
46126
61551
76579
11794
62275
22067
125
36258
99594
63616
90201
98112
25086
15336
67104
70077
34708
29114
67216
53333
83214
58200
33008
53065
82454
86988
6496
15214
45726
23916
27412
60018
75775
75864
49867
1773
71863
5465
75046
57197
18297
77333
92548
22348
23424
92822
73877
64861
5798
54073
5219
90541
88688
36961
82282
3873
61808
53428
18155
68015
48079
13687
89781
12379
54190
4738
29342