100
32880
29992
99126
65650
96836
51415
31912
49760
50817
91325
19488
34185
24630
29676
61814
26338
55389
19772
90462
7984
81527
2402
47959
1238
16638
46241
6148
85776
66209
84992
47725
24861
36519
15312
9072
48030
86746
99558
21174
31811
92480
41864
4795
98053
58747
76001
75124
36174
29820
48459
5890
83250
40708
89673
79524
36003
66848
46221
78164
37954
82000
73512
5399
61776
11551
24894
97219
45387
41756
46864
54761
78085
81189
5242
17507
91512
55383
93331
97938
85681
31420
69353
12906
41423
99042
37838
92438
52462
14593
67584
645
60696
7731
24984
67855
90911
82649
71176
58182
80457