96
939
360
586 54 70
634
52 25 44 33
653
130 50 78
654
943 60 95 20 51
81
691
698
851 50 35 23 0
36
526 86 18 69
455 22
482 92
247
957 37 94
17 77
545
674
379
82
998 94 23
332
118 37
643 87 12 33
670
913 64
582
515
717 12 83
996
427 87 43
753 40 72 31
384 19 8 18
724
920
869 60
842 60 21
800 24 83
59 80
389
307 33
989
958
27 70
381 10 21
475 69 82
936
402
432
395 54 13
552 31 77
334 16 40 93
728 87 10
90 24 42
331 25 50 88
596 24
495 67 52 1
243 54 93
638 48 2 88 1
726 16 40 0
90
598 63 44 3
906 95 7
210 31 0
304 78 49
502 74
902
743 8 37
494
655 25
790 5
570 69 77
627 30
886
87 22
381 48 17
215
868 44 35 22
134
842 67
766 23 52
357
549 70
184 35 46 82
601
332 7 46
117
234 16 12 43 19
414 17
913
615 82
408