1000
69980
33924
99538
54610
67129
83956
40785
63709
54745
96763
55563
39376
30955
39398
57964
23024
11292
86498
98683
51818
47502
99020
8393
90833
75021
47528
47583
41903
10499
30903
16575
60783
76475
40916
41445
40853
8570
51417
41533
935
46423
26426
91074
82334
63860
98444
48404
16615
58965
64069
8930
656
8818
86540
98750
71310
53952
809
8576
77451
49546
8655
42838
59661
33984
80431
83094
71854
12405
99824
6762
30211
54782
99370
18819
99295
15714
93356
12794
85005
85724
65892
4809
6354
69041
44400
60299
62650
1651
58425
12761
32723
86782
49194
76288
77808
86173
97334
26370
9617
41050
86674
32296
78473
74715
27685
55081
73293
80666
84138
79177
97198
28710
25897
26420
71962
26725
15145
18440
85427
40087
67911
3910
78929
94043
82108
34669
2822
28822
79871
63787
87528
17213
33252
78021
46069
40418
85915
27597
43586
21396
87792
22139
81594
51909
19685
47930
36766
78895
75859
7993
33125
39951
20512
33486
29388
14312
27096
62136
73229
47102
57934
90218
95272
81755
35204
81245
22840
99929
48583
63173
33741
8836
25789
16797
31821
20661
95401
2767
56627
89314
37503
26384
55912
43729
55406
98472
10420
71894
27149
69043
45688
71316
49876
27263
32225
80451
70544
6924
46349
25277
22596
51434
1330
68903
10829
27780
8313
77545
71166
36341
52182
12870
44239
50987
69948
1743
34752
86703
34982
47494
60357
93006
79051
72994
9213
22172
47436
9585
40433
21707
38696
58533
69428
15546
31011
20952
95627
76870
90702
59876
44952
10141
21078
69829
9198
33192
86908
5506
91192
58061
43330
47182
74187
91093
95440
25085
87500
80767
23603
30040
48049
23581
7936
80163
83540
95674
99532
3458
78878
23401
13500
66455
97764
76833
58404
43206
85229
37214
9912
35278
17402
32462
78230
57891
9182
18899
81020
68068
62111
79214
40875
50717
53056
91107
64032
13544
61892
19143
34981
40518
63530
41585
51616
99427
34116
67526
35230
14750
55100
34121
6738
8809
83978
12446
65016
8018
97712
31728
45764
71769
90924
58522
60751
98577
1793
63445
52166
69532
97854
74191
50852
10605
52064
81087
64069
87170
81213
4895
30491
63220
90982
94111
97453
91931
94948
31891
45410
45361
74053
55500
8127
43570
89366
23436
92750
68903
58999
46352
19144
60029
31151
14619
19133
51627
75881
41903
52857
90637
12980
64658
62547
21922
70202
53868
8804
39934
99658
82141
33441
56711
98440
52750
85499
12103
23051
91459
1428
98584
66222
74115
34504
3583
13792
5683
53993
94833
85630
84356
97208
30955
12425
80224
49360
59287
15464
53478
10891
31163
40700
44968
43490
98710
6701
96818
35425
45042
34423
32677
84350
42961
18930
25796
54260
3516
44760
48689
58042
60528
43881
72243
17174
34165
22787
60315
3879
18947
51458
86686
17850
91762
48079
6590
28226
91194
68254
19954
63260
28014
91149
5603
36386
45196
62878
75360
22636
14964
14717
28752
92964
47789
99796
16787
53541
7645
13050
36529
95444
37805
76535
37825
17382
34448
9240
27191
11885
38379
99446
73542
21322
94995
7886
45986
23765
70793
67232
73671
45788
11407
70041
554
57549
33584
52116
46624
38722
94060
22841
22566
80497
53523
33432
38292
48886
495
6733
73337
68646
43046
65471
71933
42739
18174
55720
2298
8580
10681
30896
62204
48124
84425
50637
34750
77407
89522
47535
46570
85418
35725
90768
93803
45353
92306
18546
41040
31632
40272
63921
46801
85138
71260
57488
1967
60825
49547
71639
68051
20137
44581
42208
8358
75118
9992
21612
52134
34043
2096
26647
80798
79677
71029
22477
88540
90843
20706
38862
48388
9689
89788
18673
87232
8782
74001
67559
97923
54451
76884
65035
10389
40048
20775
97405
41724
50902
30137
87626
56159
75813
80721
80251
99656
2697
93971
48675
45315
13519
28280
64144
98146
1080
33746
95628
47280
50359
18323
19196
87330
93260
10811
56898
62138
95721
91180
78965
96242
60710
40808
94416
64524
35108
97472
19023
13905
97899
59179
27248
81270
75017
42366
86813
53378
56469
46264
89604
87055
93561
95512
5535
21721
71623
9754
93272
28397
27419
74315
96386
67592
62743
47048
28659
81766
73255
7788
37664
46726
26639
30383
71316
19652
83938
40853
56245
54496
31007
34842
92150
31708
24321
23439
2449
74752
15946
92360
29665
54898
8320
34594
22567
62910
26591
90494
30674
85289
11176
28288
53445
49410
43998
61560
67494
53545
53685
30959
29515
49092
7504
14982
73006
40437
91058
2592
13410
62074
69976
19565
86126
63214
73534
1815
38743
55858
7529
40141
13184
38757
28852
73055
90448
23571
57547
73877
98382
10271
91362
95521
53894
9046
77100
49457
41747
94024
61803
71851
27975
57995
23327
1753
98290
79990
93478
71106
76749
9018
5686
66145
32622
7927
17652
94049
45655
27343
83858
31507
61855
5222
68578
26206
16745
27197
63642
58573
67403
88900
44709
89703
58515
8277
94854
85344
83994
42395
47415
76462
80166
71718
7826
4625
88839
31829
43480
60624
65380
46871
74260
89555
88396
47182
59327
15514
12546
88363
42935
49653
50214
43977
29027
94780
97496
83257
31866
98663
64414
7517
87837
39188
41301
46157
22164
63815
76254
48
51066
84788
68201
95886
94742
72922
49996
22842
35234
69743
39299
69928
60538
60427
35912
62776
40115
36646
68491
66533
47585
40386
52831
97319
31742
95621
31942
27047
91169
261
65599
66623
42463
79601
41182
69165
42010
30063
50006
90574
42940
43017
25733
829
55063
58380
96934
69296
66502
40256
14542
20432
55421
4876
89234
9730
42868
44750
9870
69553
5547
65622
64627
73683
77808
86620
16518
21250
8812
52676
81855
49600
30641
14578
69670
1499
98635
56521
1321
92872
43460
49049
29250
27536
29464
85537
97216
60551
92090
71881
53450
71360
38745
25067
25248
37841
10019
71652
66106
58857
51314
95599
54453
36138
83404
72086
83384
53799
48343
55222
63209
63568
73952
73275
7742
20376
44149
34220
90600
78108
63184
95737
64672
86576
33968
88742
67145
16775
1863
98046
90795
68645
11108
33026
9510
643
14975
49990
78353
90656
10281
13684
46890
75392
24315
57469
40618
51584
71776
53336
48626
21482
59110
10508
85003
15111
77201
6362
77184
11510
15774
30099
68391
11619
79017
37581
52549
96053
83242
55361
34732
97983
27119
61220
17281
6014
98137
93959
60202
14652
87946
38612
62164
95557
36021
19606
18303
89271
87999