1000
99341
44011
64709
45368
57397
48610
15431
21696
26287
62361
52478
52726
39455
64169
253
3050
75974
23675
44089
30966
7890
15853
91877
65990
93294
86177
24942
58882
70139
74512
49235
58148
66289
74064
70725
86717
67760
14374
56172
74097
25700
66247
9702
39341
82436
9819
91422
58286
41173
35233
3613
52760
33067
69098
67261
50869
72008
42120
73836
88471
77284
19076
9382
44304
76327
23808
50958
90207
84467
32920
99265
27249
59380
80846
57464
84314
11598
47045
10991
84428
50509
68593
2900
82056
63023
56641
77391
15172
21744
82748
62999
85814
54182
39150
31575
30484
12788
69833
4811
84142
51420
28584
89268
908
38538
52493
19455
1997
46258
10499
49124
4678
80444
6933
8216
50761
34254
61537
41108
39545
75136
9869
40216
45346
23578
92926
730
57208
1341
32204
38483
93569
98533
18
84251
2528
30632
82257
46160
94151
32857
59401
75934
37793
79585
10151
34568
93002
54648
16373
81313
79836
4376
68517
46798
24972
20856
28678
30004
14387
90210
62890
81569
24845
53576
12488
68245
27661
88533
23309
93675
44056
30530
25283
685
27828
64050
3048
78917
87071
18909
76045
4270
44967
15357
11066
16384
10279
66038
60568
46315
45836
80465
44461
58457
54085
86036
43884
88401
58687
73346
22927
31717
85753
14545
92336
24976
94931
52137
19838
18780
75516
66735
82913
9884
36671
91473
55332
12136
79097
80026
50986
98539
67198
49418
5316
4898
33701
44005
68714
63644
33908
98023
25071
92416
61128
71700
22481
73160
74735
77316
86242
32551
2498
38141
49228
36759
78972
75056
90757
61519
71738
30490
99986
92480
23403
12756
2747
69998
92437
79271
51008
22172
57700
94809
27143
28063
37510
72724
56174
24360
56322
88877
97753
10309
82595
52958
92953
90928
63351
14814
35287
33302
43358
38721
21257
80098
15696
76232
21915
93854
74438
84944
33144
56329
63001
96078
73182
61332
24428
28832
18353
63634
43758
30693
93512
96854
37385
43504
68840
84095
27465
84278
90614
82170
83063
68199
26737
99316
23828
16906
89042
70401
82857
79524
13607
69680
89834
22062
17573
39914
46056
81235
57619
9632
44474
26230
51459
61904
73758
62078
79857
78536
26571
96702
34113
61561
26884
33688
70084
24034
69606
77610
47179
68658
94826
98979
37378
492
48997
68976
32482
42772
95146
50813
87058
75624
35879
52477
98294
38115
23364
73784
28851
71993
65058
7870
71770
87508
98881
62965
39753
37980
51076
32563
95164
91854
39942
27384
85766
64492
78666
89396
16997
80143
27793
54100
92096
76919
6535
46058
29481
83226
41856
89862
57994
67488
28713
77257
80119
71950
22181
73940
72599
93115
72735
63113
59528
88726
10015
62148
53200
20890
96009
51748
60302
32141
99406
9314
40909
86712
38035
83992
25368
91516
13033
54081
56098
88749
56176
5788
30400
16260
16853
710
90707
84076
89455
60259
53159
67740
66686
72770
12410
53604
37382
41069
5640
44018
5325
96018
11826
23910
76397
24585
86310
146
32264
76069
90715
99427
61345
57823
26142
41383
36596
48230
15661
96380
67950
98818
78134
22304
85165
54900
69683
25273
47335
2854
20911
41210
13039
23085
31699
11624
65081
15305
33787
14014
32427
12594
93636
85645
42655
93514
84387
78987
31031
53765
70043
75541
75903
23633
67806
94313
59888
42656
83161
37239
52906
55845
69515
18915
61756
60906
3238
25867
44213
98807
54690
18642
45841
10795
33495
10956
92502
81867
29862
57301
40850
28667
4907
67626
88470
22163
96187
49821
36771
68688
68608
32978
96307
43179
59577
9389
41498
94185
34648
95074
42987
43007
49464
93157
40547
30689
64558
64201
55694
97438
56133
36569
25287
21044
87019
8735
92456
86636
53730
87188
51634
36258
66820
23201
95060
48385
15550
86252
94885
9753
19951
32456
64935
45654
46232
50965
94049
78065
73921
7920
26760
8796
91232
77503
14558
49826
37870
60145
13449
98631
60387
94969
15748
2376
8470
76792
8800
81216
75258
46227
53558
26599
30956
98195
67101
34829
58809
77348
46818
68721
60371
64109
27487
8983
19871
3675
34694
34761
40851
64263
72644
71495
72750
84720
11526
57720
14740
2257
29489
47723
54554
58081
66777
60922
15826
41597
20555
41254
30975
94352
57335
55618
8978
74779
41570
16451
36920
41691
11304
7992
53572
97824
33294
76848
12714
20666
54006
4119
71664
80083
79531
64197
34742
43018
78467
28063
57528
42233
67208
36663
43975
16217
19954
5003
67061
75927
13326
1433
35790
79657
77154
45291
13240
73861
64521
44420
55849
58856
96280
260
40959
65034
25986
70578
960
90601
1056
11766
78812
50066
29918
99265
25846
26315
34976
14654
41049
69975
18740
55325
31177
74802
87048
31620
70395
71102
8633
57349
87641
7646
4317
6360
66502
97420
62364
44822
961
15445
24181
93430
53712
64478
74387
40754
29222
38239
27663
55989
86667
16435
66095
53560
17740
23179
63047
99496
20284
28543
83816
76712
59705
55671
43403
17251
56123
91443
32819
34381
49541
81028
62591
70715
1748
74360
82971
18916
68554
59734
96956
74473
7882
18311
67990
64904
12954
17810
46335
91529
46494
28902
39677
32322
25297
76433
77678
83652
90235
60950
7700
84147
64164
77419
36264
53191
56027
41860
26800
53693
46237
47926
93343
14748
49912
57076
57114
97722
78564
8436
4182
14757
42948
2486
9504
98578
29262
77763
7465
16965
37949
27365
51539
82036
76118
54918
16432
19742
27754
34621
52011
61490
38739
92229
71115
34805
99035
97075
97075
64624
47548
29738
58419
77984
49922
83909
99716
21496
16121
27828
47476
71378
32820
44183
614
64135
40373
29840
66439
63997
17897
67501
19591
80489
59848
9014
79011
68695
48185
62394
88980
23742
10227
56309
49414
35700
94167
24538
83791
75084
10394
58083
43967
88921
99882
73356
3608
34788
69964
645
97942
63067
65232
97552
65305
49915
46562
8643
72309
7462
36389
79312
48633
86135
11671
96113
75480
80404
22952
59053
3487
34501
84626
18313
92763
34233
20704
488
58643
35620
85017
50787
51728
13318
22863
2998
92970
11472
39470
16241
20557
81118
71871
57931
29256
61300
82834
80756
78299
2672
42092
54828
27736
32753
43880
76985
6410
24277
98724
91003
50652
49513
4394
17251
82403
21607
80759
31724
96408
82992
73443
41151
20888
53416
3759
65852
28037
68540
28546
29508
10935
493
32735
82870
18787
32062
36078
78622
83841
94545
98031
30760
13096