78
13
7 17 31
2 31 30
3 35 32
1 I 7
1 15 11
1 I 18
2 P 11
7 P 9
2 P 18
1 23 27
4 I 24
1 10 2
5 P 7
6 I 27
13 20 19
1 I 15
1 3 34
1 9 9
26 22 5
2 I 1
2 18 35
10 2 9
4 14 7
2 13 6
6 3 22
1 15 3
12 P 10
20 33 19
4 P 30
3 32 35
3 I 31
7 15 34
2 29 32
11 P 27
2 P 19
7 23 5
1 29 35
1 28 29
1 I 2
1 P 29
2 I 19
4 9 23
6 P 8
9 I 8
9 2 36
1 I 9
1 I 28
1 26 34
10 P 17
2 7 8
1 P 32
1 9 33
1 26 33
3 I 23
14 4 31
2 26 6
6 9 24
5 3 11
1 0 9
1 P 16
2 P 36
2 P 20
6 36 33
1 6 8
10 13 36
2 I 23
4 9 11
7 2 13
2 15 3
2 25 32
1 13 20
1 I 5
2 13 29
12 5 3
1 6 19
1 I 9
4 7 26
10 7 8